19393	[587, 587, 628, 628, 651, 651, 669, 669, 779, 779]
19690	[940, 940, 959, 959, 1013, 1013, 1066, 1066, 1202, 1202]
19790	[1165, 1165, 1170, 1170, 1181, 1181, 1189, 1189, 1201, 1201]
19805	[1554, 1554, 1558, 1558, 1597, 1597, 1651, 1651, 1663, 1663]
19930	[649, 649, 653, 653, 905, 905, 906, 906, 994, 994]
19977	[1093, 1093, 1110, 1110, 1113, 1113, 1122, 1122, 1221, 1221]
20304	[1273, 1273, 1284, 1284, 1311, 1311, 1313, 1313, 1332, 1332]
20366	[1189, 1189, 1190, 1190, 1205, 1205, 1222, 1222, 1236, 1236]
20409	[651, 651, 655, 655, 735, 735, 790, 790, 814, 814]
20416	[584, 584, 590, 590, 600, 600, 681, 681, 887, 887]
20436	[641, 641, 646, 646, 666, 666, 704, 704, 725, 725]
21171	[368, 368, 384, 384, 392, 392, 401, 401, 404, 404]
